time,x,y,z,phi,theta,psi,x_velocity,y_velocity,z_velocity,phi_velocity,theta_velocity,psi_velocity
0.06,0.0,0.0,1.06991385383,0.0,0.0,0.0,0.0,0.0,2.32882286704,0.0,0.0,0.0
0.12000000000000001,0.0,0.0,1.27892238304,0.0,0.0,0.0,0.0,0.0,4.63184277876,0.0,0.0,0.0
0.18,0.0,0.0,1.62450429549,0.0,0.0,0.0,0.0,0.0,6.87693143815,0.0,0.0,0.0
0.23999999999999996,0.0,0.0,2.10243730933,0.0,0.0,0.0,0.0,0.0,9.03971178363,0.0,0.0,0.0
0.3,0.0,0.0,2.70694132358,0.0,0.0,0.0,0.0,0.0,11.0928375161,0.0,0.0,0.0
0.36000000000000004,0.0,0.0,3.43092321396,0.0,0.0,0.0,0.0,0.0,13.0199463261,0.0,0.0,0.0
0.4200000000000001,0.0,0.0,4.26630020505,0.0,0.0,0.0,0.0,0.0,14.8044945007,0.0,0.0,0.0
0.48000000000000015,0.0,0.0,5.20424829674,0.0,0.0,0.0,0.0,0.0,16.4382630745,0.0,0.0,0.0
0.5400000000000001,0.0,0.0,6.23572548674,0.0,0.0,0.0,0.0,0.0,17.922059649,0.0,0.0,0.0
0.6000000000000002,0.0,0.0,7.35171244754,0.0,0.0,0.0,0.0,0.0,19.2557862473,0.0,0.0,0.0
0.6600000000000003,0.0,0.0,8.54340037629,0.0,0.0,0.0,0.0,0.0,20.4463759288,0.0,0.0,0.0
0.7200000000000003,0.0,0.0,9.80244970795,0.0,0.0,0.0,0.0,0.0,21.5024201884,0.0,0.0,0.0
0.7800000000000004,0.0,0.0,11.1210410821,0.0,0.0,0.0,0.0,0.0,22.4325829843,0.0,0.0,0.0
0.8400000000000004,0.0,0.0,12.4919002658,0.0,0.0,0.0,0.0,0.0,23.2462819048,0.0,0.0,0.0
0.9000000000000005,0.0,0.0,13.9083840889,0.0,0.0,0.0,0.0,0.0,23.9550237851,0.0,0.0,0.0
0.9600000000000005,0.0,0.0,15.3644420599,0.0,0.0,0.0,0.0,0.0,24.5670659324,0.0,0.0,0.0
1.0200000000000005,0.0,0.0,16.8546368109,0.0,0.0,0.0,0.0,0.0,25.0944584788,0.0,0.0,0.0
1.0800000000000005,0.0,0.0,18.3742751105,0.0,0.0,0.0,0.0,0.0,25.5498959048,0.0,0.0,0.0
1.1400000000000006,0.0,0.0,19.9192162576,0.0,0.0,0.0,0.0,0.0,25.9392215656,0.0,0.0,0.0
1.2000000000000006,0.0,0.0,21.4858388919,0.0,0.0,0.0,0.0,0.0,26.2737543343,0.0,0.0,0.0
1.2600000000000007,0.0,0.0,23.0710611502,0.0,0.0,0.0,0.0,0.0,26.5602428278,0.0,0.0,0.0
1.3200000000000007,0.0,0.0,24.672205604,0.0,0.0,0.0,0.0,0.0,26.8054060117,0.0,0.0,0.0
1.3800000000000008,0.0,0.0,26.2869277794,0.0,0.0,0.0,0.0,0.0,27.0136671916,0.0,0.0,0.0
1.4400000000000008,0.0,0.0,27.9131918162,0.0,0.0,0.0,0.0,0.0,27.1908487305,0.0,0.0,0.0
1.5000000000000009,0.0,0.0,29.5492666277,0.0,0.0,0.0,0.0,0.0,27.3413159647,0.0,0.0,0.0
1.560000000000001,0.0,0.0,31.1936753495,0.0,0.0,0.0,0.0,0.0,27.4691791944,0.0,0.0,0.0
1.620000000000001,0.0,0.0,32.8450725585,0.0,0.0,0.0,0.0,0.0,27.5747982296,0.0,0.0,0.0
1.680000000000001,0.0,0.0,34.5022921162,0.0,0.0,0.0,0.0,0.0,27.6636612302,0.0,0.0,0.0
1.740000000000001,0.0,0.0,36.1644505406,0.0,0.0,0.0,0.0,0.0,27.73973672,0.0,0.0,0.0
1.8000000000000012,0.0,0.0,37.8308682507,0.0,0.0,0.0,0.0,0.0,27.8058788653,0.0,0.0,0.0
1.8600000000000012,0.0,0.0,39.5009263746,0.0,0.0,0.0,0.0,0.0,27.861345592,0.0,0.0,0.0
1.9200000000000013,0.0,0.0,41.1740856733,0.0,0.0,0.0,0.0,0.0,27.9094325873,0.0,0.0,0.0
1.9800000000000013,0.0,0.0,42.8499481193,0.0,0.0,0.0,0.0,0.0,27.9515963414,0.0,0.0,0.0
2.0400000000000014,0.0,0.0,44.5281219079,0.0,0.0,0.0,0.0,0.0,27.9866534764,0.0,0.0,0.0
2.1000000000000014,0.0,0.0,46.2082812156,0.0,0.0,0.0,0.0,0.0,28.017875233,0.0,0.0,0.0
2.1600000000000015,0.0,0.0,47.8901936845,0.0,0.0,0.0,0.0,0.0,28.0451892558,0.0,0.0,0.0
2.2200000000000015,0.0,0.0,49.5735240787,0.0,0.0,0.0,0.0,0.0,28.0653189848,0.0,0.0,0.0
2.2800000000000016,0.0,0.0,51.2579416197,0.0,0.0,0.0,0.0,0.0,28.0815256009,0.0,0.0,0.0
2.3400000000000016,0.0,0.0,52.9432941054,0.0,0.0,0.0,0.0,0.0,28.0965141676,0.0,0.0,0.0
2.4000000000000017,0.0,0.0,54.6295238861,0.0,0.0,0.0,0.0,0.0,28.1107865568,0.0,0.0,0.0
2.4600000000000017,0.0,0.0,56.3164115849,0.0,0.0,0.0,0.0,0.0,28.1186068125,0.0,0.0,0.0
2.520000000000002,0.0,0.0,58.0037328395,0.0,0.0,0.0,0.0,0.0,28.125267522,0.0,0.0,0.0
2.580000000000002,0.0,0.0,59.6914137499,0.0,0.0,0.0,0.0,0.0,28.1306280028,0.0,0.0,0.0
2.640000000000002,0.0,0.0,61.3794167467,0.0,0.0,0.0,0.0,0.0,28.1360033337,0.0,0.0,0.0
2.700000000000002,0.0,0.0,63.0676930141,0.0,0.0,0.0,0.0,0.0,28.1397772938,0.0,0.0,0.0
2.760000000000002,0.0,0.0,64.7561491736,0.0,0.0,0.0,0.0,0.0,28.1420378071,0.0,0.0,0.0
2.820000000000002,0.0,0.0,66.444753285,0.0,0.0,0.0,0.0,0.0,28.1446989378,0.0,0.0,0.0
2.880000000000002,0.0,0.0,68.133530309,0.0,0.0,0.0,0.0,0.0,28.1477907135,0.0,0.0,0.0
2.940000000000002,0.0,0.0,69.8224771365,0.0,0.0,0.0,0.0,0.0,28.1503718992,0.0,0.0,0.0
3.000000000000002,0.0,0.0,71.511557627,0.0,0.0,0.0,0.0,0.0,28.1522635005,0.0,0.0,0.0
3.0600000000000023,0.0,0.0,73.2008061316,0.0,0.0,0.0,0.0,0.0,28.1559277355,0.0,0.0,0.0
3.1200000000000023,0.0,0.0,74.8902308431,0.0,0.0,0.0,0.0,0.0,28.1581727897,0.0,0.0,0.0
3.1800000000000024,0.0,0.0,76.579776334,0.0,0.0,0.0,0.0,0.0,28.1599651091,0.0,0.0,0.0
3.2400000000000024,0.0,0.0,78.2694269136,0.0,0.0,0.0,0.0,0.0,28.1616777502,0.0,0.0,0.0
3.3000000000000025,0.0,0.0,79.9591671593,0.0,0.0,0.0,0.0,0.0,28.1629646944,0.0,0.0,0.0
3.3600000000000025,0.0,0.0,81.6489645805,0.0,0.0,0.0,0.0,0.0,28.1636000139,0.0,0.0,0.0
3.4200000000000026,0.0,0.0,83.3388398419,0.0,0.0,0.0,0.0,0.0,28.1655268379,0.0,0.0,0.0
3.4800000000000026,0.0,0.0,85.0288488861,0.0,0.0,0.0,0.0,0.0,28.1680445555,0.0,0.0,0.0
3.5400000000000027,0.0,0.0,86.7189528664,0.0,0.0,0.0,0.0,0.0,28.1687373372,0.0,0.0,0.0
3.6000000000000028,0.0,0.0,88.4090350786,0.0,0.0,0.0,0.0,0.0,28.1673708241,0.0,0.0,0.0
3.660000000000003,0.0,0.0,90.0990377173,0.0,0.0,0.0,0.0,0.0,28.1660829062,0.0,0.0,0.0
3.720000000000003,0.0,0.0,91.7889868371,0.0,0.0,0.0,0.0,0.0,28.165567402,0.0,0.0,0.0
3.780000000000003,0.0,0.0,93.4789214728,0.0,0.0,0.0,0.0,0.0,28.1655866392,0.0,0.0,0.0
3.840000000000003,0.0,0.0,95.1688120137,0.0,0.0,0.0,0.0,0.0,28.1641346262,0.0,0.0,0.0
3.900000000000003,0.0,0.0,96.8586275242,0.0,0.0,0.0,0.0,0.0,28.163075725,0.0,0.0,0.0
3.960000000000003,0.0,0.0,98.5484776953,0.0,0.0,0.0,0.0,0.0,28.1652095728,0.0,0.0,0.0
4.020000000000002,0.0,0.0,100.238423679,0.0,0.0,0.0,0.0,0.0,28.1662958403,0.0,0.0,0.0
4.080000000000001,0.0,0.0,101.92845738,0.0,0.0,0.0,0.0,0.0,28.1681150469,0.0,0.0,0.0
4.14,0.0,0.0,103.618613256,0.0,0.0,0.0,0.0,0.0,28.1703576768,0.0,0.0,0.0
4.199999999999998,0.0,0.0,105.308958035,0.0,0.0,0.0,0.0,0.0,28.1743672828,0.0,0.0,0.0
4.259999999999997,0.0,0.0,106.999525332,0.0,0.0,0.0,0.0,0.0,28.1777897231,0.0,0.0,0.0
4.319999999999996,0.0,0.0,108.690249135,0.0,0.0,0.0,0.0,0.0,28.1796241444,0.0,0.0,0.0
4.379999999999995,0.0,0.0,110.381077593,0.0,0.0,0.0,0.0,0.0,28.1812826505,0.0,0.0,0.0
4.439999999999993,0.0,0.0,112.071970269,0.0,0.0,0.0,0.0,0.0,28.1817936896,0.0,0.0,0.0
4.499999999999992,0.0,0.0,113.762864222,0.0,0.0,0.0,0.0,0.0,28.1813492694,0.0,0.0,0.0
4.559999999999991,0.0,0.0,115.453765721,0.0,0.0,0.0,0.0,0.0,28.1820172081,0.0,0.0,0.0
4.6199999999999894,0.0,0.0,117.144651423,0.0,0.0,0.0,0.0,0.0,28.1808684736,0.0,0.0,0.0
4.679999999999988,0.0,0.0,118.835456599,0.0,0.0,0.0,0.0,0.0,28.1793425163,0.0,0.0,0.0
4.739999999999987,0.0,0.0,120.526254491,0.0,0.0,0.0,0.0,0.0,28.1805566026,0.0,0.0,0.0
4.799999999999986,0.0,0.0,122.217091108,0.0,0.0,0.0,0.0,0.0,28.1806613276,0.0,0.0,0.0
4.859999999999984,0.0,0.0,123.907922832,0.0,0.0,0.0,0.0,0.0,28.1804026476,0.0,0.0,0.0
4.919999999999983,0.0,0.0,125.598795584,0.0,0.0,0.0,0.0,0.0,28.1819826185,0.0,0.0,0.0
4.979999999999982,0.0,0.0,127.289763387,0.0,0.0,0.0,0.0,0.0,28.1835707773,0.0,0.0,0.0
5.0399999999999805,0.0,0.0,128.98087191,0.0,0.0,0.0,0.0,0.0,28.1866360834,0.0,0.0,0.0
