time,x,y,z,phi,theta,psi,x_velocity,y_velocity,z_velocity,phi_velocity,theta_velocity,psi_velocity,rotor_speed1,rotor_speed2,rotor_speed3,rotor_speed4
0.06,-1.25669729707e-08,-9.32233211133e-08,10.003432816,6.28298356295,1.56841671508e-05,0.0,-1.24089131749e-06,-1.25402755158e-05,0.114421832209,-0.0111176682883,0.000779195249878,0.0,441.1985527792042,441.26286307591477,442.13148309174113,441.2147904385984
0.12000000000000001,-1.09996878465e-06,-8.42302946055e-06,10.0156329506,6.28213713922,0.000424563200201,0.0,-6.32843842607e-05,-0.000350125410186,0.292219886409,-0.0208797909764,0.0167582411349,0.0,460.42875238671877,461.6908957095687,461.22753944318146,460.45614881095435
0.18,-1.79607406546e-05,-5.58635459591e-05,10.0361063418,6.28057068389,0.00184591555675,0.0,-0.000624909571726,-0.00137164445558,0.390197170073,-0.0394284240535,0.0348286282351,0.0,435.8203498493506,437.3279259279207,436.92695822172533,435.37784829535894
0.23999999999999996,-0.000109513723167,-0.000212164921434,10.06611727,6.27825191286,0.00375808787293,0.0,-0.0026672166926,-0.0041185726277,0.610073702305,-0.0371262511232,0.02517612695,0.0,474.84474138143355,474.1041044300566,472.644847568192,472.8215766150388
0.3,-0.000354197723572,-0.000570661610236,10.1060511108,6.2766407048,0.00505897000192,0.0,-0.00563548955772,-0.00802428225749,0.720988684613,-0.0116986881067,0.0135701156578,0.0,442.0883363140533,441.1311525583267,438.8502543702336,440.9552208227715
0.36000000000000004,-0.000802867407179,-0.00119324566727,10.1528612655,6.27631275985,0.00592557546914,0.0,-0.00940781185684,-0.0127795522339,0.839269109504,0.00474675762853,0.0161351514473,0.0,443.57608072687077,443.7865363727085,442.0823808498268,443.4352786233738
0.4200000000000001,-0.00150933377512,-0.0021183498961,10.2088231135,6.27687417177,0.00685857663002,0.0,-0.0142493551483,-0.0180061633209,1.02597633139,0.0172702332292,0.0143533497806,0.0,464.67219583690434,464.53240411313766,463.5844068331061,464.5671720431451
0.48000000000000015,-0.0025025715803,-0.00331904250773,10.2724381656,6.27822283619,0.00750363368514,0.0,-0.0189326166632,-0.021898903853,1.09446213442,0.0312606665088,0.00234437711245,0.0,428.466007444473,427.44383648894967,427.1877944354679,428.37902612851457
0.5400000000000001,-0.00378538987376,-0.00472246123293,10.3399523346,6.28057584985,0.00762922625519,0.0,-0.0238403837064,-0.0246745286989,1.15595048084,0.0516586407576,0.0015860461699,0.0,426.12669543240804,426.0618292266147,424.49898027341965,426.24637015631384
0.6000000000000002,-0.00536970332777,-0.00624364511175,10.4116606803,0.000539754763185,0.00839708621015,0.0,-0.0290182623354,-0.0257227843275,1.23424627093,0.05409331311,0.0289712428225,0.0,431.5990927692094,433.90392755904094,429.77367122048486,429.98185187332325
0.6600000000000003,-0.00728326484185,-0.00776435241097,10.4877819887,0.00398761618602,0.0105561873296,0.0,-0.0349589502247,-0.0246409631356,1.30305221561,0.0634709783739,0.0472312858807,0.0,428.32284399139706,429.87341122012714,427.37044072046467,428.17131215009067
0.7200000000000003,-0.00962320885102,-0.00914035873069,10.5701514374,0.00777366072235,0.0136779947133,0.0,-0.0433599662074,-0.0208173105208,1.44242451588,0.0623501522749,0.0602189607862,0.0,450.39627586591223,451.44703368713533,450.95833511329175,450.870626575546
0.7800000000000004,-0.0125324251658,-0.0102062717711,10.6604663702,0.0126117639641,0.0168300729176,0.0,-0.0539779022458,-0.0142461553198,1.5678994814,0.103249360618,0.0291069910227,0.0,448.8127579450018,446.28234351999606,444.76184786564676,448.1033846607386
0.8400000000000004,-0.0161487242874,-0.0107584454341,10.7588850681,0.0186096620329,0.0181368240097,0.0,-0.0667353634354,-0.00349944681905,1.71250537676,0.0924256450589,0.000125923687059,0.0,454.7399429963021,452.41268459165576,453.4182477655893,452.5562947865152
0.9000000000000005,-0.020553898391,-0.0105332892695,10.8660695182,0.0250135754701,0.0183034611069,0.0,-0.0801097901713,0.0116617888427,1.86006697831,0.12595650193,0.00761319955204,0.0,454.5231982133733,455.12275959753043,453.14169454783973,455.8381216444561
0.9600000000000005,-0.0257294324908,-0.00930396307666,10.9800671864,0.0322729441697,0.0187206872042,0.0,-0.0924490756419,0.0300480160282,1.9397016474,0.108538635076,0.00560112974493,0.0,434.52265415357306,434.35384869687715,434.1120668756885,432.66160394592595
1.0200000000000005,-0.0315900154684,-0.00694241740567,11.0954744733,0.0387036456074,0.0187988654769,0.0,-0.102923513136,0.0492054162475,1.90724291398,0.104311336238,-0.00909336929927,0.0,397.6287653158332,396.2803678171946,396.5920298376977,396.21518988487355
1.0800000000000005,-0.0381279094678,-0.00321845355599,11.2116004448,0.0448569523276,0.0184361518565,0.0,-0.114961971867,0.0755160149426,1.96350247162,0.0987918200365,-0.000556119998348,0.0,425.93217837852063,426.66173441984824,427.1756382578183,426.71433085856995
1.1400000000000006,-0.0454608479384,0.00239247247773,11.3352306328,0.0510436035122,0.0194223893538,0.0,-0.129532792108,0.11220177508,2.15712148393,0.110583729475,0.0380217040022,0.0,469.111802411367,472.0976841777652,468.1204610923184,469.04566626572336
1.2000000000000006,-0.0536475591411,0.0102151719551,11.4678465481,0.0575185531638,0.0218245064777,0.0,-0.14359520322,0.149218655581,2.26315955353,0.101966156923,0.0437846705559,0.0,443.5037713963692,443.97765465019734,443.9674566048598,443.27010328018775
1.2600000000000007,-0.0627969473125,0.0205693293498,11.6098359102,0.0631682588469,0.0244757325377,0.0,-0.161686218305,0.196596486944,2.46934122321,0.0701130163618,0.0449798225594,0.0,474.731432067996,474.82409522135555,475.7166805863581,473.27795805781864
1.3200000000000007,-0.0730123281784,0.033677799842,11.7608408396,0.0671777386842,0.0276517890453,0.0,-0.179122704031,0.240754333792,2.5639062242,0.0592722213647,0.0653726100826,0.0,440.9795369637646,442.6626010974893,441.8616603070265,440.97040567979883
1.3800000000000008,-0.0843276002586,0.0494779654153,11.9169642594,0.0704533885417,0.0314137033923,0.0,-0.198427862583,0.286242173468,2.63999104087,0.0430489762041,0.0567308452559,0.0,437.47766738362475,436.76042455444184,436.11919850974164,434.7640737021513
1.4400000000000008,-0.0968917884417,0.0681061778101,12.0781719748,0.0726503616211,0.0350812913315,0.0,-0.220730652083,0.334925774025,2.73334002299,0.018890731709,0.0687169044543,0.0,441.7475873536265,442.73750268434617,443.2277159978274,441.2383994185408
1.5000000000000009,-0.110979454783,0.0899127105041,12.2479640833,0.0739985811867,0.0392674225635,0.0,-0.249323008822,0.392063871099,2.92588116488,0.0288090701646,0.0717928323904,0.0,472.831973695755,473.0722588235793,472.83984974364165,473.60331012655735
1.560000000000001,-0.126627058166,0.114709182818,12.4229612561,0.0763083236133,0.043589051296,0.0,-0.272631179662,0.43465850432,2.90736455503,0.0529917436712,0.0724914461749,0.0,406.78451558181365,406.85159950189865,406.3272654047128,408.4903239931691
1.620000000000001,-0.143686804564,0.141998945791,12.5954786565,0.0792145909524,0.0479115085679,0.0,-0.296372520147,0.475245414067,2.84333044537,0.0372749749508,0.0711249171313,0.0,391.13087745807087,391.00836615114696,391.95822813980226,390.49655843502677
1.680000000000001,-0.162525525656,0.172232894869,12.7699977323,0.0815527428347,0.0524610453588,0.0,-0.3320409012,0.532762513707,2.97357865064,0.0421581137678,0.0838687250803,0.0,454.850652317064,455.87442260942015,454.81905549532826,455.21069366199794
1.740000000000001,-0.183541292011,0.205869165942,12.9511196741,0.0840310959454,0.0571029346036,0.0,-0.368964611027,0.588669727378,3.06351230182,0.0395450050981,0.0593614858781,0.0,444.42129549922925,442.412570744437,443.6157715907672,443.40205366579903
1.8000000000000012,-0.206773260554,0.242779372294,13.1360988975,0.0869149288929,0.06065328704,0.0,-0.405760356101,0.641900229303,3.10229393652,0.0611919902586,0.0587921145434,0.0,428.1364743205864,428.0906277042147,426.2811877501416,428.12846351853915
1.8600000000000012,-0.232355182059,0.283046820585,13.3246119538,0.0903098287443,0.0638603330016,0.0,-0.447294597767,0.700669881473,3.18117769245,0.0452465051874,0.0397516816376,0.0,441.65370712597803,440.0822951234438,441.77790012411816,440.46328873396004
1.9200000000000013,-0.261041225869,0.327679728143,13.5263757311,0.0929684976727,0.0658950390162,0.0,-0.509156323029,0.787362336239,3.54312855223,0.0423721421248,0.0184550111206,0.0,524.465119333826,522.984125455426,524.2848665797366,524.0859089615736
1.9800000000000013,-0.292835015596,0.376662707729,13.7399764872,0.0958030175115,0.0669430860286,0.0,-0.550731327882,0.84563088645,3.57673055347,0.0555350047137,0.0154154688423,0.0,430.13275923177656,429.8751938441297,428.4551639622472,429.5742660160252
2.0400000000000014,-0.327416826705,0.429586766792,13.9596341076,0.099183270809,0.067358331103,0.0,-0.60204911974,0.918814489233,3.74456709786,0.0578955820968,-0.0213082256694,0.0,474.1071003064097,471.27694895910196,470.72671683033286,470.9113254904305
2.1000000000000014,-0.364930309254,0.48675704091,14.1871563585,0.102544843384,0.0662820327519,0.0,-0.648263604557,0.987162467921,3.83912631684,0.0519993404637,-0.0119315720617,0.0,449.6040702036114,450.3632313835578,451.61431522347556,451.14052122324176
2.1600000000000015,-0.405705824943,0.548883719205,14.4279774279,0.105829592679,0.0652825713985,0.0,-0.710725538561,1.08402818944,4.18692590008,0.0597377888522,-0.0283579197045,0.0,524.6333394330208,523.4916322640287,524.7811869565705,525.3195745545627
2.2200000000000015,-0.449546246166,0.615851538747,14.6797110922,0.109505790894,0.0633034043303,0.0,-0.75045901462,1.14853614562,4.20406772718,0.0641693352983,-0.0443793257382,0.0,430.14714983813997,428.78757391025704,429.48098483935206,429.8595420088389
2.2800000000000016,-0.495700205986,0.68669712192,14.9319433574,0.113401801759,0.0610202161326,0.0,-0.787798422254,1.21330466256,4.20361191895,0.0664189665675,-0.0277171620727,0.0,423.3012053620282,424.731944303109,423.96509091699727,424.16167720764815
2.3400000000000016,-0.544342142283,0.762025410704,15.1887662462,0.11737536399,0.0597422742306,0.0,-0.833409706138,1.29798864772,4.3564753769,0.0658375528165,-0.0108380817627,0.0,472.04626074328945,473.3470913799874,472.16969896160447,472.12781440382435
2.4000000000000017,-0.595663229252,0.842452495359,15.4541808914,0.121462359507,0.0590139489378,0.0,-0.877192694577,1.38325911192,4.49004771619,0.0723220615615,-0.0148759395195,0.0,468.4030140538211,468.0889917274529,467.5376512058713,468.04587403949654
2.4600000000000017,-0.649597903526,0.928083383348,15.7276051114,0.125943803832,0.0589912982008,0.0,-0.920563491587,1.47148397714,4.62342899882,0.0790485058728,0.0190365080574,0.0,468.167449884525,470.79898499116354,468.76998663509943,469.29647460810304
2.520000000000002,-0.705848128722,1.018474067,16.0040873718,0.13086077598,0.0600115045157,0.0,-0.954545648121,1.54192752336,4.59265275081,0.0871950699673,0.0125913982249,0.0,418.3853595727852,417.82369600505876,418.40063933550954,419.11526389483646
2.580000000000002,-0.764128217535,1.11311285709,16.2782723734,0.136036898103,0.0606574413993,0.0,-0.988196904883,1.61311327383,4.54690913798,0.0843497929051,0.00683824690988,0.0,414.37005024497023,413.8637998386679,412.67845908791054,412.4339625914844
2.640000000000002,-0.824856881435,1.21304037226,16.556502149,0.141570088293,0.0615286065005,0.0,-1.03612665437,1.71827202195,4.72648959356,0.104549941635,0.0266203874935,0.0,483.60486443383274,485.09268440714885,483.4569619884832,484.98297720539387
2.700000000000002,-0.888572912615,1.31960004713,16.84684491,0.147648591234,0.0626786251735,0.0,-1.08785732085,1.83428136666,4.95039942843,0.0938826929821,-0.00309951403578,0.0,500.0295287018049,497.8594601558221,499.27771050877186,498.5063589879412
2.760000000000002,-0.955159524012,1.43265491661,17.1465529345,0.152835683022,0.0634448292954,0.0,-1.13171550443,1.93466264299,5.03927868046,0.0643182832872,0.0334048128337,0.0,459.8616923164813,462.74464249180795,462.64109107602513,460.312636207364
2.820000000000002,-1.02417893392,1.55129108617,17.4481245711,0.156648374928,0.065374808643,0.0,-1.1691073824,2.02016590577,5.0130739516,0.0619521226316,0.029567107181,0.0,426.78826486782725,426.460957060141,425.0400686594334,424.8403403625248
2.880000000000002,-1.0957738456,1.67582409598,17.7525861264,0.16041277428,0.066941594821,0.0,-1.21753308519,2.13118335911,5.13489450461,0.0642702300826,0.0181127455289,0.0,472.3963490973846,471.51223283974514,473.3753071888498,473.5562601614826
2.940000000000002,-1.16988371225,1.80608025845,18.0581210178,0.163838526787,0.0679787385789,0.0,-1.25290792347,2.2109751231,5.04985346529,0.0361784272548,0.015578277159,0.0,408.1889349464742,407.9626026320537,408.0554630215051,405.5418667370665
3.000000000000002,-1.24650606907,1.94205412338,18.3639253586,0.166090251626,0.0688053070257,0.0,-1.30123566565,2.32157328675,5.14303859322,0.0401005741139,0.00990361376033,0.0,465.1955702223711,464.75081746688016,464.9523440453306,465.2601662894076
3.0600000000000023,-1.32582040032,2.08415797408,18.6720789192,0.167975923483,0.0689409218584,0.0,-1.34262538097,2.41535987887,5.12868149059,0.00197035437379,-0.0209712545842,0.0,433.24392791018926,430.63968995384823,433.92542679904636,430.712341182961
3.1200000000000023,-1.4076601526,2.23200740773,18.9799786261,0.168538297714,0.0675883765389,0.0,-1.38526087348,2.51291152158,5.13453727864,0.0211217719677,-0.0258856647479,0.0,439.19410876978765,438.7862047659474,437.85135933230305,439.4419603263702
3.1800000000000024,-1.49196212892,2.38552636676,19.2871415238,0.169772898285,0.0661076505207,0.0,-1.42470162908,2.60444366553,5.10428017509,0.0194636751291,-0.0223683675396,0.0,427.16012477656346,427.4599017050682,427.1276489771023,426.9861918605972
3.2400000000000024,-1.57870815709,2.54479730426,19.5939536204,0.170811124342,0.0648386812423,0.0,-1.46672168347,2.70459554366,5.12260725764,0.0125905593236,-0.0188170516683,0.0,443.4636284218601,443.75529711320775,442.63604684340856,442.06988639836777
3.3000000000000025,-1.66791235045,2.70996609971,19.9011887122,0.172090488414,0.0638354005933,0.0,-1.50667333932,2.80104572364,5.11848798788,0.0347089663614,-0.0128289656333,0.0,436.131217831371,436.6312393405491,434.8774259364259,436.7265693334683
3.3600000000000025,-1.75966392933,2.88137363687,20.2106923367,0.173932239191,0.063105167566,0.0,-1.55162501278,2.91258377755,5.19778186677,0.0211359391161,-0.0108852196523,0.0,463.08357995077523,463.2366068184021,462.8735147902805,461.8042107483804
3.4200000000000026,-1.85391919389,3.05899311126,20.5220907096,0.176687250802,0.0625965075565,0.0,-1.5901851781,3.00818288665,5.18210969547,0.073029165412,-0.00405163712712,0.0,433.0373334022686,433.6120152728384,431.7283154721274,436.0866162438141
3.4800000000000026,-1.95076243022,3.24317447958,20.8369103865,0.18090087944,0.0624012889563,0.0,-1.63786797729,3.13145037924,5.31101689006,0.0639374567543,-0.0017034938004,0.0,479.44193714805016,479.6204042275821,478.88925646728876,478.20043905129194
3.5400000000000027,-2.05044365046,3.4347616373,21.1590875286,0.185105928228,0.0620834972013,0.0,-1.68479050841,3.25500674909,5.42740483644,0.0801748096362,-0.0136778652215,0.0,476.7483315312384,475.8324587352105,477.13231987057696,478.37386924301427
3.6000000000000028,-2.1526185177,3.6328975791,21.4832176297,0.18974861641,0.0615112094774,0.0,-1.72101150366,3.34985714616,5.37698358123,0.0711025082356,-0.0023314670146,0.0,426.32592176763455,427.2946228317228,425.41735321188173,424.644670150395
3.660000000000003,-2.25710821989,3.83722971919,21.8066217137,0.193646986782,0.0610912065102,0.0,-1.76195716429,3.46145929302,5.40279797141,0.0484411429037,-0.0185219236654,0.0,451.2428743769181,449.9338255541095,451.7458546521613,449.91738483087227
3.720000000000003,-2.36400482888,4.048170949,22.1308597305,0.196417327166,0.0605518110574,0.0,-1.80120755411,3.57004906536,5.4049473924,0.0411992123646,0.00533223639799,0.0,442.69553060027937,444.6545061228997,444.2950494248088,443.7020282675951
3.780000000000003,-2.47320181101,4.26548541684,22.4543566352,0.19871004081,0.060602215963,0.0,-1.83872926323,3.67387222002,5.37824778149,0.031446169465,-0.0101398226207,0.0,435.3507765674544,434.05397464440637,435.3811184380339,434.5649022992065
3.840000000000003,-2.58487517491,4.48977122257,22.7798343034,0.20097345831,0.060748981381,0.0,-1.88368295749,3.8023058337,5.47033739524,0.0479940534295,0.020032558888,0.0,470.7017766447889,473.03144588168044,472.39276539114167,473.66787760165266
3.900000000000003,-2.69920518289,4.72161413721,23.1099546574,0.203736711533,0.0626299681893,0.0,-1.92745858062,3.92585827722,5.53310159355,0.0418625341975,0.0476330127294,0.0,463.6801006463511,465.84406060175684,465.2777797476559,464.7985339106372
3.960000000000003,-2.81628520617,4.96114926649,23.4450223185,0.206326015932,0.0661707253671,0.0,-1.9755096776,4.05864125877,5.63499518498,0.0456216785534,0.0753584587993,0.0,476.08904492038687,478.2081329372766,478.7236817987258,479.01057432747643
4.020000000000002,-2.93588700005,5.20732685041,23.7797210877,0.209533451229,0.070850561803,0.0,-2.01158223794,4.14746891283,5.5219950253,0.0657478328454,0.082809278841,0.0,409.9708435059315,410.63788098448896,409.29291901322256,411.082768275168
4.080000000000001,-3.05790316694,5.45938230821,24.110071719,0.213501753205,0.0753485743467,0.0,-2.05603037231,4.25458419555,5.48954814085,0.066907835949,0.0507045592257,0.0,437.6271807127245,434.950242131214,437.38582793250873,437.4857704535195
4.14,-3.18285742319,5.71846452765,24.4410130895,0.217363460456,0.0779551566587,0.0,-2.10936644996,4.38163726427,5.54121775103,0.058712603359,0.0221126689906,0.0,465.3014509996027,463.0580789750174,464.273239145342,463.63248651107006
4.199999999999998,-3.31058234004,5.98389826561,24.7690750946,0.220663910978,0.0798091199132,0.0,-2.14831144666,4.46639506857,5.39474834236,0.0463210154897,0.044349567274,0.0,398.3013900348338,400.3308965421325,399.53883900125976,398.4095243311955
4.259999999999997,-3.44112635139,6.2556618902,25.093796861,0.223855536296,0.0826035386456,0.0,-2.20339728304,4.59244632774,5.42882397969,0.0642546794063,0.0506858856685,0.0,458.13526261985913,458.64011189685635,458.26609208427124,459.69141074263035
4.319999999999996,-3.57526641907,6.5356471114,25.4232678722,0.227974615672,0.0855348910161,0.0,-2.26819655972,4.74046735916,5.55246981854,0.0762429052147,0.044920094755,0.0,487.55298435928984,487.1231621557789,486.4393215499011,487.33947973837013
4.379999999999995,-3.71306588938,6.8238015612,25.7567969981,0.232014135918,0.0884779959606,0.0,-2.32536609456,4.86486653713,5.56472004372,0.0360208984103,0.056243929558,0.0,454.99456100917564,455.9018642326607,456.38616582462635,453.16656821701486
4.439999999999993,-3.85429863527,7.11930877876,26.0904207007,0.234186428958,0.09171449424,0.0,-2.38268493786,4.98535954471,5.55582158453,0.0365702569988,0.0488880279324,0.0,449.5561677259532,448.96147050699017,449.12459031450345,449.16972884757035
4.499999999999992,-3.99889119896,7.42170063133,26.4220274771,0.236906685528,0.0949110877045,0.0,-2.43734538535,5.09443022251,5.49777080447,0.0587634213367,0.0608568307057,0.0,433.3317591036259,434.338893444455,432.4165384219302,434.28374338353296
4.559999999999991,-4.14678392433,7.7305592593,26.7497542563,0.240475304311,0.0986174880239,0.0,-2.49273445765,5.20100826147,5.4265091874,0.0608666204171,0.0635453010946,0.0,429.30729142107856,429.53828853575703,428.7749552302079,428.95626777744536
4.6199999999999894,-4.29821056429,8.04618539546,27.0746055156,0.244330523503,0.103750626043,0.0,-2.55521898399,5.31997673214,5.40160101254,0.0702854436104,0.110877487722,0.0,442.3289185919162,446.21598808021747,444.3141790063353,445.08889320415904
4.679999999999988,-4.45331206732,8.36858517852,27.3963462266,0.248648015208,0.110249346628,0.0,-2.61536172345,5.42686874296,5.32308327296,0.0751081149947,0.102617264745,0.0,426.6658026552189,425.9706474985929,427.9668522812469,428.3814495403987
4.739999999999987,-4.61195180746,8.69704815988,27.7118455773,0.253431104413,0.117355718155,0.0,-2.67315531579,5.52214618905,5.19383463308,0.0876270453917,0.139018987796,0.0,407.4966126365549,410.75173114685316,409.50648567741075,410.62450890429005
4.799999999999986,-4.77458419683,9.0321417164,28.0229510786,0.258705152382,0.126274679832,0.0,-2.74864072965,5.64782426472,5.17584866081,0.0884423930488,0.16307011603,0.0,446.7574864472115,448.73480339970195,446.3510562982943,446.4239816984765
4.859999999999984,-4.94232399562,9.37566203767,28.3360707625,0.26427065449,0.135766518213,0.0,-2.84354670205,5.80294756592,5.26026339392,0.100227269795,0.146053423561,0.0,479.8509761860754,478.5787089599159,481.4398323691311,482.3373438453037
4.919999999999983,-5.11512660914,9.72699915016,28.6484398665,0.269917720778,0.144897432406,0.0,-2.91722624405,5.90856810974,5.15202976625,0.0776693406794,0.162241480519,0.0,419.3173892572314,420.7447746011629,421.5632962898057,419.61684081227855
4.979999999999982,-5.29271388848,10.0851200599,28.9557498751,0.27476883989,0.154313228833,0.0,-3.00311045379,6.02892359032,5.09132988002,0.0865555294961,0.143348744952,0.0,437.32018623856857,435.76679447141686,436.4521928962035,437.1987808191563
5.0399999999999805,-5.47555037356,10.4504012129,29.2590381917,0.280049492557,0.16280581219,0.0,-3.09211614522,6.14728607139,5.01803226952,0.0907715087967,0.13766709747,0.0,433.4378517094149,432.979164950561,432.8430183264015,433.2044190158772
